wl,n,k
310.0,2.355308049533633,0.39832452690994485
314.47236180904525,2.361078627621903,0.36834057383250424
318.94472361809045,2.367060612992609,0.355364873886171
323.4170854271357,2.3699170708660184,0.3296656553246934
327.8894472361809,2.3727735235106575,0.30301599013763847
332.36180904522615,2.37271604502205,0.28393513734079
336.83417085427135,2.3725407819316664,0.2630934990095889
341.3065326633166,2.369828270487017,0.2399924221350462
345.7788944723618,2.36690200643151,0.2195892084954044
350.25125628140705,2.361904374134912,0.2005549532022629
354.72361809045225,2.3566334769677506,0.18103662501416645
359.1959798994975,2.3499292728771146,0.16361283663304016
363.6683417085427,2.3427947786735293,0.14467683487847519
368.14070351758795,2.3340996865570327,0.12995411642611607
372.61306532663315,2.324341884853316,0.11246970804040927
377.0854271356784,2.3131058210946467,0.10288025404887961
381.5577889447236,2.303268020543962,0.09013707124003598
386.03015075376885,2.293397054580009,0.08123922704668926
390.50251256281405,2.283409476523348,0.06926128018118788
394.9748743718593,2.2730542972386005,0.06053570755071899
399.4472361809045,2.2623735685538042,0.053045577131259666
403.91959798994975,2.2511187285366967,0.045559519318967116
408.39195979899495,2.240570827633944,0.039010279011766374
412.8643216080402,2.2316729227263696,0.034096719840287976
417.3366834170854,2.223268341034579,0.029870290162378983
421.80904522613065,2.2150908712777566,0.025964512225883543
426.2814070351759,2.2051224273154393,0.022060699807528852
430.7537688442211,2.1981593217401283,0.018632728113808363
435.2261306532663,2.1910706658638794,0.01535676030548008
439.69849246231155,2.1833936319444422,0.012263719242021782
444.1708542713568,2.175527205666103,0.010459884941976418
448.643216080402,2.1675988415078904,0.008645070054504758
453.1155778894472,2.16045770557601,0.006712673228009742
457.58793969849245,2.1533314049074077,0.0051016285518169485
462.0603015075377,2.1463909252952256,0.004554900274112398
466.5326633165829,2.139455857992239,0.004008171996407854
471.0050251256281,2.1332171644127547,0.003461443718703311
475.47738693467335,2.1269784708332704,0.003074297805658504
479.9497487437186,2.1215013039522232,0.0027621281319803606
484.4221105527638,2.116048610717456,0.0024499584583022216
488.894472361809,2.1114052294305954,0.002162893429237068
493.36683417085425,2.106822751087527,0.002159784060504101
497.8391959798995,2.1022903049685167,0.0021566746917711333
502.3115577889447,2.0977639691321763,0.002153565323038166
506.7839195979899,2.0938357765112365,0.002150456021280701
511.25628140703515,2.0900112267340694,0.002147346791470472
515.7286432160804,2.08607250077802,0.002144237561660243
520.2010050251256,2.0821075934301945,0.002141128331850014
524.6733668341708,2.0784036218473227,0.002138019102039785
529.1457286432161,2.074775572141385,0.002134909872229556
533.6180904522613,2.0714779876337426,0.002131800642419327
538.0904522613065,2.068299081017826,0.002128691373168943
542.5628140703518,2.0650027931574337,0.0021255820044166584
547.035175879397,2.061655457735541,0.002122472635664374
551.5075376884422,2.0585482710233785,0.002119363266912089
555.9798994974874,2.0555658644786914,0.002116253976507895
560.4522613065326,2.0523401038038487,0.0021131447221762077
564.9246231155779,2.048964696663247,0.0021100354678445198
569.3969849246231,2.046208380616552,0.0021069262135128323
573.8693467336683,2.0438996884616603,0.0021038169591811448
578.3417085427136,2.0411653595043147,0.0021007077048494573
582.8140703517588,2.0380706670984425,0.0020975985430724004
587.286432160804,2.0352864113629927,0.0020944894521987066
591.7587939698492,2.0328092903654156,0.0021074662116709574
596.2311557788944,2.0303061291512234,0.002447757460785912
600.7035175879397,2.0277728657243386,0.0027880487099008755
605.1758793969849,2.0251441648821986,0.0031283399590158302
609.6482412060302,2.022386329637286,0.0033160935419888167
614.1206030150754,2.019866954719446,0.003467514603573912
618.5929648241206,2.017726690916766,0.0036189356651590075
623.0653266331658,2.0154499474766308,0.0037703567267441027
627.537688442211,2.0129166840497463,0.003921777788329198
632.0100502512562,2.0104353685679492,0.0040731988499142936
636.4824120603015,2.008070533465495,0.004224619911499393
640.9547738693467,2.0057511030276154,0.004281872361507595
645.427135678392,2.003554696301461,0.004278763270587912
649.8994974874372,2.0012935206762394,0.004275654179682713
654.3718592964824,1.9988164001691349,0.0042742146372235605
658.8442211055276,1.9963715977300527,0.004433768718754653
663.3165829145728,1.9940629056004793,0.004593322800285746
667.788944723618,1.9917885798438144,0.004752876881816839
672.2613065326633,1.9897044589886963,0.004912430963347935
676.7336683417085,1.9875818751441117,0.005071985044879028
681.2060301507538,1.9851608971206463,0.005231539126410125
685.678391959799,1.9827695248718937,0.005363126452551351
690.1507537688442,1.9807415469643375,0.0053600173616831755
694.6231155778894,1.9787064000438597,0.005356908270807808
699.0954773869346,1.9764819225555466,0.005353799179920318
703.5678391959798,1.9742574450672334,0.005369612467689727
708.0402010050251,1.9721449869029244,0.005455384507301003
712.5125628140703,1.9700327943519527,0.005541156546912277
716.9849246231156,1.9677860299000887,0.005626928586523553
721.4572864321608,1.9655334806927582,0.005712700626134826
725.929648241206,1.9631776356517825,0.0057984726657461
730.4020100502512,1.9608128005752632,0.005884244705357373
734.8743718592964,1.9586952991568432,0.005970016744968646
739.3467336683417,1.956611178301725,0.00627224753703736
743.8190954773869,1.9545743435961767,0.006728898293882127
748.2914572864322,1.9525463662013336,0.006935076927311215
752.7638190954774,1.9502477611189548,0.006931967329928235
757.2361809045226,1.9478829260165007,0.007018157764392475
761.7085427135678,1.945818555102737,0.007191551624507781
766.180904522613,1.943846720164367,0.007364945484623086
770.6532663316582,1.9419156276109069,0.007538339344738392
775.1256281407035,1.9399999355984738,0.007711733204853702
779.5979899497487,1.9377371922613817,0.007885127064969008
784.070351758794,1.9353162142113662,0.008058520925084318
788.5427135678392,1.933186277384338,0.008204219825502432
793.0150753768844,1.9312144424459678,0.008277737280777511
797.4874371859296,1.9289690151154515,0.008349359984077803
801.9597989949748,1.926548037065436,0.00841493109360382
806.43216080402,1.9244152205662588,0.008512569213765147
810.9045226130653,1.9224995285748345,0.008661443383597924
815.3768844221105,1.920404815590649,0.008810317553430697
819.8492462311558,1.9181522663833186,0.008959191723263475
824.321608040201,1.9159273727150816,0.009108065893096248
828.7939698492462,1.9137309659889274,0.009256940062929021
833.2663316582914,1.9115090848116931,0.009405814232761794
837.7386934673366,1.909256535604363,0.00949403731758907
842.2110552763819,1.9072369215682827,0.009465385860061591
846.6834170854271,1.9055458008556239,0.009560480330420755
851.1557788944723,1.903516881459806,0.009940504034573356
855.6281407035175,1.9009274750859757,0.01026503731494143
860.1005025125628,1.8985273818399526,0.010434829117833578
864.572864321608,1.8964994039323964,0.010604620920725722
869.0452261306532,1.8943876749690305,0.010774412723617866
873.5175879396984,1.8920789828394573,0.01094420452651001
877.9899497487437,1.8898722745266863,0.011113996329402158
882.4623115577889,1.8879565825142532,0.011283788132294302
886.9346733668341,1.8859046222759368,0.011459198115220419
891.4070351758794,1.8833713583585796,0.011788137604443636
895.8793969849246,1.8808431979431555,0.012117077093666846
900.3517587939698,1.8783380057170336,0.012191500653556314
904.824120603015,1.8759491877071477,0.012265018108831393
909.2964824120603,1.8742580670130349,0.012416930571654387
913.7688442211055,1.8724836009650065,0.012572313868976935
918.2412060301507,1.8699918843816312,0.012727697166299482
922.7135678391959,1.8675001677982561,0.01288308046362203
927.1859296482412,1.8644781472621008,0.013038463760944582
931.6582914572864,1.8614004028786162,0.013193847058267129
936.1306532663316,1.8584580467081229,0.013349230355589676
940.6030150753768,1.8567388542953005,0.013668366717734968
945.0753768844221,1.855012834160507,0.01404839041771996
949.5477386934673,1.853181356814653,0.014264190623361813
954.0201005025125,1.8513387844005578,0.014406246254106619
958.4924623115577,1.8490020205266484,0.01464232456307124
962.964824120603,1.846665256652739,0.014896765769985611
967.4371859296482,1.8443008957313975,0.015151206976899975
971.9095477386934,1.8419360606548782,0.015405648183814338
976.3819095477386,1.8395712255538699,0.0156600893907287
980.8542713567839,1.837206390451416,0.01591453059764307
985.3266331658291,1.8347907229559643,0.016168971804557432
989.7989949748743,1.8323697449324992,0.01630014723426812
994.2713567839195,1.8299974181969312,0.01639920703935422
998.7437185929648,1.8276325830944773,0.0167487844853536
1003.21608040201,1.8251283378488947,0.01717989241028391
1007.6884422110552,1.8225950744775734,0.017428217408282102
1012.1608040201004,1.8200175215562029,0.01760390377667395
1016.6331658291457,1.817428114663502,0.017946825431723688
1021.1055276381909,1.8150071397408378,0.01836826608120672
1025.577889447236,1.812642304638384,0.0186336456409454
1030.0502512562814,1.810197616109472,0.018899025200684105
1034.5226130653266,1.8077204956023674,0.019164404760422794
1038.9949748743718,1.8053188663310225,0.019429784320161483
1043.467336683417,1.8029540312285688,0.01969516387990017
1047.9396984924624,1.8004469374145973,0.019960543439638875
1052.4120603015076,1.7978575305218965,0.020216257570860287
1056.8844221105528,1.7955018086402157,0.020417486290149525
1061.356783919598,1.793305402380447,0.02061681091778432
1065.8291457286432,1.7907033645802153,0.020801011159925654
1070.3015075376884,1.7877771009830898,0.021034870241492903
1074.7738693467336,1.7848218157691802,0.021411308997230784
1079.2462311557788,1.7818394087340201,0.02178774775296867
1083.718592964824,1.779098564024218,0.022164186508706555
1088.1909547738692,1.7766214435171137,0.02254062526444444
1092.6633165829144,1.774131993110122,0.022917064020182325
1097.1356783919596,1.7716268003935276,0.02329350277592021
1101.608040201005,1.7690991298246843,0.023643251775683837
1106.0804020100502,1.766537794651001,0.02389556470629507
1110.5527638190954,1.7639866080378477,0.02413887790976015
1115.0251256281406,1.7614533445831815,0.024340106138576605
1119.497487437186,1.7587932702564477,0.02456669661543972
1123.9698492462312,1.7558670061688497,0.024952614613716197
1128.4422110552764,1.75297261168844,0.025338532611992676
1132.9145728643216,1.750158633986438,0.025724450610269154
1137.3869346733668,1.7473859169314694,0.026110368608545632
1141.859296482412,1.7447403670912072,0.026496286606822114
1146.3316582914572,1.742083244827807,0.026882204605098593
1150.8040201005024,1.7393815525304557,0.02726812260337507
1155.2763819095476,1.736665773196193,0.02764868459531565
1159.7487437185928,1.733879867028259,0.02802870829946826
1164.221105527638,1.7310867505191567,0.028309001163363583
1168.6934673366834,1.7282447010981374,0.028578163351907073
1173.1658291457286,1.7253699619182352,0.02907591467944168
1177.6381909547738,1.7221629835833012,0.029573666006976286
1182.110552763819,1.7190227349245384,0.030071417334510894
1186.5829145728644,1.7171311637031095,0.030569168662045527
1191.0552763819096,1.7152395924816808,0.031066919989580135
1195.5276381909548,1.7119174402899069,0.03156467131711474
1200.0,1.7093285759999999,0.031704129
