300	0.100636
302.003	0.0987613
304.007	0.102961
306.01	0.10955
308.013	0.115166
310.017	0.118149
312.02	0.119263
314.023	0.119568
316.027	0.121136
318.03	0.124151
320.033	0.126186
322.037	0.127762
324.04	0.126401
326.043	0.123905
328.047	0.123924
330.05	0.128447
332.053	0.136265
334.057	0.143651
336.06	0.147511
338.063	0.14723
340.067	0.144469
342.07	0.141237
344.073	0.13767
346.077	0.137605
348.08	0.138719
350.083	0.140349
352.087	0.141872
354.09	0.142819
356.093	0.142851
358.097	0.14186
360.1	0.140145
362.104	0.138289
364.107	0.136647
366.11	0.134888
368.114	0.131887
370.117	0.12446
372.12	0.11759
374.124	0.109054
376.127	0.100216
378.13	0.0923926
380.134	0.0863488
382.137	0.0822334
384.14	0.0798211
386.144	0.0787866
388.147	0.0788572
390.15	0.079824
392.154	0.0814838
394.157	0.0835995
396.16	0.0858881
398.164	0.087845
400.167	0.0860203
402.17	0.0870931
404.174	0.088855
406.177	0.0905633
408.18	0.0921432
410.184	0.0935185
412.187	0.0946053
414.19	0.0953216
416.194	0.0956019
418.197	0.0954252
420.2	0.0948458
422.204	0.0939865
424.207	0.0929669
426.21	0.0918491
428.214	0.0907326
430.217	0.0899054
432.22	0.0896072
434.224	0.0892313
436.227	0.0862722
438.23	0.084983
440.234	0.0843751
442.237	0.0832968
444.24	0.0817556
446.244	0.0798337
448.247	0.0776062
450.25	0.075201
452.254	0.0728643
454.257	0.0707987
456.26	0.0690348
458.264	0.0676237
460.267	0.0666897
462.27	0.0661459
464.274	0.0658265
466.277	0.0658143
468.28	0.0660226
470.284	0.0661668
472.287	0.0664407
474.29	0.0667653
476.294	0.066696
478.297	0.0667952
480.301	0.0655061
482.304	0.065673
484.307	0.0657775
486.311	0.0657403
488.314	0.0654527
490.317	0.064972
492.321	0.0643158
494.324	0.0633839
496.327	0.0622962
498.331	0.0610079
500.334	0.0595043
502.337	0.0579284
504.341	0.0561674
506.344	0.0543662
508.347	0.0525518
510.351	0.0506981
512.354	0.048989
514.357	0.0473039
516.361	0.0458286
518.364	0.044503
520.367	0.0433852
522.371	0.0425245
524.374	0.0418142
526.377	0.0414171
528.381	0.0410513
530.384	0.041035
532.387	0.0405045
534.391	0.0394259
536.394	0.039474
538.397	0.0397091
540.401	0.0400335
542.404	0.0403924
544.407	0.0407423
546.411	0.0410578
548.414	0.0412749
550.417	0.0414119
552.421	0.041411
554.424	0.0413251
556.427	0.0410975
558.431	0.0407895
560.434	0.0403463
562.437	0.0398279
564.441	0.0392115
566.444	0.0385443
568.447	0.0378257
570.451	0.03707
572.454	0.0363012
574.457	0.0355165
576.461	0.0347406
578.464	0.0339949
580.467	0.0332519
582.471	0.032636
584.474	0.0319694
586.477	0.0315096
588.481	0.0309807
590.484	0.0306413
592.487	0.0304157
594.491	0.0300013
596.494	0.030093
598.497	0.0293582
600.501	0.027874
602.504	0.0274221
604.508	0.0277401
606.511	0.028246
608.514	0.0290099
610.518	0.0298627
612.521	0.030751
614.524	0.0317249
616.528	0.032665
618.531	0.0337909
620.534	0.0349989
622.538	0.0361256
624.541	0.0376094
626.544	0.0392248
628.548	0.040524
630.551	0.0421452
632.554	0.0444374
634.558	0.0462776
636.561	0.0474735
638.564	0.0495398
640.568	0.052423
642.571	0.0545699
644.574	0.0556587
646.578	0.0568615
648.581	0.059529
650.584	0.0628601
652.588	0.0645195
654.591	0.0645507
656.594	0.065042
658.598	0.067188
660.601	0.0704456
662.604	0.0726641
664.608	0.0725021
666.611	0.0713862
668.614	0.0711098
670.618	0.072358
672.621	0.0750329
674.624	0.0771556
676.628	0.0766707
678.631	0.0745483
680.634	0.0724338
682.638	0.070352
684.641	0.0690059
686.644	0.0696248
688.648	0.0711099
690.651	0.0711769
692.654	0.069196
694.658	0.0659839
696.661	0.0627881
698.664	0.0611339
700.668	0.0618684
702.671	0.064082
704.674	0.0657864
706.678	0.0655666
708.681	0.0633315
710.684	0.0598872
712.688	0.0563261
714.691	0.0537429
716.694	0.0529219
718.698	0.053922
720.701	0.0559577
722.705	0.0576935
724.708	0.0579394
726.711	0.0564615
728.715	0.0540037
730.718	0.0514403
732.721	0.0493444
734.725	0.0482378
736.728	0.0484508
738.731	0.0497503
740.735	0.051643
742.738	0.0537042
744.741	0.0552874
746.745	0.0556673
748.748	0.0548142
750.751	0.0532724
752.755	0.0512471
754.758	0.0486729
756.761	0.0459411
758.765	0.0435784
760.768	0.0415688
762.771	0.0398703
764.775	0.0389663
766.778	0.0389284
768.781	0.0386124
770.785	0.0367489
772.788	0.0332461
774.791	0.0288084
776.795	0.0243076
778.798	0.0213954
780.801	0.0225497
782.805	0.0290546
784.808	0.0393943
786.811	0.050701
788.815	0.0613075
790.818	0.0708474
792.821	0.0784379
794.825	0.0824021
796.828	0.0822033
798.831	0.0796956
800.835	0.0779188
802.838	0.0790973
804.841	0.0839825
806.845	0.0923752
808.848	0.103511
810.851	0.116049
812.855	0.128289
814.858	0.138702
816.861	0.146301
818.865	0.150684
820.868	0.152024
822.871	0.151037
824.875	0.148677
826.878	0.145692
828.881	0.142508
830.885	0.139579
832.888	0.137692
834.891	0.137763
836.895	0.14033
838.898	0.14533
840.902	0.152297
842.905	0.160582
844.908	0.169319
846.912	0.177387
848.915	0.183748
850.918	0.188004
852.922	0.190618
854.925	0.192471
856.928	0.194152
858.932	0.195606
860.935	0.196382
862.938	0.196121
864.942	0.194809
866.945	0.192672
868.948	0.190002
870.952	0.187128
872.955	0.184482
874.958	0.18257
876.962	0.181806
878.965	0.182369
880.968	0.184236
882.972	0.187342
884.975	0.191671
886.978	0.197153
888.982	0.20345
890.985	0.209846
892.988	0.215387
894.992	0.219202
896.995	0.220806
898.998	0.220207
901.002	0.217783
903.005	0.214047
905.008	0.20945
907.012	0.204297
909.015	0.19875
911.018	0.192868
913.022	0.18665
915.025	0.180118
917.028	0.173413
919.032	0.16685
921.035	0.160852
923.038	0.155772
925.042	0.151727
927.045	0.148588
929.048	0.146136
931.052	0.144257
933.055	0.142978
935.058	0.142316
937.062	0.142071
939.065	0.141774
941.068	0.140878
943.072	0.13903
945.075	0.136199
947.078	0.132526
949.082	0.128047
951.085	0.122527
953.088	0.115582
955.092	0.107021
957.095	0.0971427
959.098	0.0867555
961.102	0.0768914
963.105	0.0684009
965.109	0.0616797
967.112	0.0566563
969.115	0.0529879
971.119	0.0502984
973.122	0.048325
975.125	0.0469376
977.129	0.0460893
979.132	0.0457662
981.135	0.0459615
983.139	0.0466631
985.142	0.0478341
987.145	0.0493926
989.149	0.0512103
991.152	0.0531357
993.155	0.055028
995.159	0.0567736
997.162	0.0582793
999.165	0.059456
1001.17	0.0602209
1003.17	0.0605235
1005.18	0.0603767
1007.18	0.0598604
1009.18	0.0590845
1011.19	0.0581326
1013.19	0.0570236
1015.19	0.0557225
1017.2	0.0541892
1019.2	0.0524313
1021.2	0.0505181
1023.21	0.0485478
1025.21	0.0465929
1027.21	0.0446671
1029.22	0.0427402
1031.22	0.0407914
1033.22	0.0388628
1035.23	0.037074
1037.23	0.0355857
1039.23	0.0345341
1041.24	0.0339794
1043.24	0.0338952
1045.24	0.0342032
1047.25	0.0348228
1049.25	0.0357045
1051.25	0.036825
1053.26	0.0381546
1055.26	0.0396223
1057.26	0.0411047
1059.27	0.0424497
1061.27	0.0435201
1063.27	0.0442349
1065.28	0.0445884
1067.28	0.0446413
1069.28	0.0444969
1071.29	0.0442782
1073.29	0.0441174
1075.29	0.0441557
1077.3	0.0445459
1079.3	0.0454447
1081.3	0.046992
1083.31	0.0492841
1085.31	0.0523519
1087.31	0.056153
1089.32	0.0605832
1091.32	0.0654987
1093.32	0.0707415
1095.33	0.0761589
1097.33	0.0816155
1099.33	0.0869977
1101.34	0.0922169
1103.34	0.0972123
1105.34	0.101953
1107.35	0.106435
1109.35	0.110677
1111.35	0.114708
1113.36	0.118553
1115.36	0.122231
1117.36	0.125748
1119.37	0.129112
1121.37	0.132335
1123.37	0.135441
1125.38	0.138465
1127.38	0.141444
1129.38	0.144412
1131.39	0.147388
1133.39	0.150383
1135.39	0.153399
1137.4	0.156437
1139.4	0.1595
1141.4	0.16259
1143.41	0.165697
1145.41	0.168803
1147.41	0.171871
1149.42	0.174854
1151.42	0.177707
1153.42	0.180397
1155.43	0.182907
1157.43	0.185236
1159.43	0.187387
1161.44	0.189351
1163.44	0.191105
1165.44	0.192608
1167.45	0.19382
1169.45	0.194717
1171.45	0.195312
1173.46	0.19566
1175.46	0.195843
1177.46	0.195951
1179.47	0.19604
1181.47	0.196109
1183.47	0.196083
1185.48	0.195824
1187.48	0.195159
1189.48	0.193927
1191.49	0.19202
1193.49	0.189413
1195.49	0.186171
1197.5	0.182431
1199.5	0.178371
1201.5	0.174169
1203.51	0.169963
1205.51	0.165834
1207.51	0.161803
1209.52	0.15784
1211.52	0.153895
1213.52	0.149917
1215.53	0.145879
1217.53	0.141782
1219.53	0.13766
1221.54	0.13357
1223.54	0.129584
1225.54	0.125774
1227.55	0.122211
1229.55	0.11896
1231.55	0.116073
1233.56	0.113593
1235.56	0.111546
1237.56	0.109939
1239.57	0.108756
1241.57	0.107951
1243.57	0.10746
1245.58	0.107199
1247.58	0.107083
1249.58	0.107032
1251.59	0.106985
1253.59	0.106906
1255.59	0.106783
1257.6	0.106621
1259.6	0.106435
1261.6	0.106241
1263.61	0.106042
1265.61	0.105834
1267.61	0.105595
1269.62	0.1053
1271.62	0.104921
1273.62	0.104434
1275.63	0.103828
1277.63	0.1031
1279.63	0.102262
1281.64	0.10133
1283.64	0.100331
1285.64	0.0992971
1287.65	0.0982668
1289.65	0.0972877
1291.65	0.0964167
1293.66	0.0957195
1295.66	0.0952663
1297.66	0.0951244
1299.67	0.0953477
1301.67	0.0959663
1303.67	0.0969776
1305.68	0.0983413
1307.68	0.0999814
1309.68	0.101794
1311.69	0.103659
1313.69	0.10546
1315.69	0.107097
1317.7	0.1085
1319.7	0.109636
1321.7	0.110509
1323.71	0.111153
1325.71	0.111619
1327.71	0.111962
1329.72	0.112226
1331.72	0.112436
1333.72	0.112592
1335.73	0.112672
1337.73	0.11264
1339.73	0.112451
1341.74	0.112068
1343.74	0.111466
1345.74	0.110641
1347.75	0.109609
1349.75	0.108406
1351.75	0.107076
1353.76	0.10567
1355.76	0.104235
1357.76	0.102808
1359.77	0.101418
1361.77	0.100077
1363.77	0.0987925
1365.78	0.0975646
1367.78	0.0963926
1369.78	0.0952773
1371.79	0.0942214
1373.79	0.0932292
1375.79	0.0923034
1377.8	0.091442
1379.8	0.0906351
1381.8	0.0898635
1383.81	0.0890988
1385.81	0.0883058
1387.81	0.0874471
1389.82	0.0864882
1391.82	0.0854028
1393.82	0.0841775
1395.83	0.0828135
1397.83	0.0813268
1399.83	0.0797451
1401.84	0.0781036
1403.84	0.0764389
1405.84	0.0747833
1407.85	0.0731601
1409.85	0.0715808
1411.85	0.0700446
1413.86	0.0685403
1415.86	0.06705
1417.86	0.0655543
1419.87	0.0640372
1421.87	0.0624902
1423.87	0.0609156
1425.88	0.0593266
1427.88	0.0577463
1429.88	0.0562047
1431.89	0.0547342
1433.89	0.0533655
1435.89	0.0521235
1437.9	0.0510242
1439.9	0.050074
1441.9	0.04927
1443.91	0.0486019
1445.91	0.0480555
1447.91	0.0476159
1449.92	0.047271
1451.92	0.0470136
1453.92	0.0468429
1455.93	0.0467637
1457.93	0.0467849
1459.93	0.0469168
1461.94	0.0471677
1463.94	0.0475408
1465.94	0.0480314
1467.95	0.0486255
1469.95	0.0492998
1471.95	0.0500225
1473.96	0.050756
1475.96	0.0514602
1477.96	0.0520963
1479.97	0.0526302
1481.97	0.0530363
1483.97	0.053299
1485.98	0.0534145
1487.98	0.0533904
1489.98	0.0532449
1491.99	0.0530047
1493.99	0.0527022
1495.99	0.0523734
1498	0.0520547
1500	0.0517808
