300	2.17424e-007
302.003	1.99122e-007
304.007	1.8339e-007
306.01	1.70197e-007
308.013	1.57475e-007
310.017	1.46684e-007
312.02	1.38222e-007
314.023	1.28843e-007
316.027	1.2289e-007
318.03	1.15555e-007
320.033	1.10769e-007
322.037	1.05255e-007
324.04	1.01439e-007
326.043	9.6967e-008
328.047	9.40602e-008
330.05	9.02682e-008
332.053	8.80217e-008
334.057	8.49313e-008
336.06	8.30099e-008
338.063	8.08023e-008
340.067	7.89764e-008
342.07	7.77722e-008
344.073	7.63003e-008
346.077	7.56569e-008
348.08	7.5323e-008
350.083	7.4991e-008
352.087	7.55556e-008
354.09	7.65403e-008
356.093	7.72548e-008
358.097	7.81755e-008
360.1	7.92391e-008
362.104	7.91337e-008
364.107	7.68783e-008
366.11	7.26246e-008
368.114	6.68759e-008
370.117	6.00564e-008
372.12	5.27462e-008
374.124	4.59362e-008
376.127	4.05664e-008
378.13	3.72038e-008
380.134	3.61333e-008
382.137	3.76692e-008
384.14	4.24876e-008
386.144	5.19424e-008
388.147	6.8428e-008
390.15	9.58638e-008
392.154	1.40448e-007
394.157	2.11668e-007
396.16	3.23359e-007
398.164	4.94922e-007
400.167	7.5301e-007
402.17	1.14337e-006
404.174	1.70723e-006
406.177	2.50613e-006
408.18	3.60897e-006
410.184	5.09294e-006
412.187	7.05582e-006
414.19	9.6253e-006
416.194	1.29473e-005
418.197	1.71663e-005
420.2	2.24149e-005
422.204	2.88146e-005
424.207	3.64638e-005
426.21	4.54298e-005
428.214	5.58264e-005
430.217	6.79081e-005
432.22	8.20162e-005
434.224	9.84389e-005
436.227	0.00011746
438.23	0.000138651
440.234	0.000161859
442.237	0.000187343
444.24	0.000215096
446.244	0.000245236
448.247	0.000277846
450.25	0.000312584
452.254	0.000349481
454.257	0.000389202
456.26	0.000431483
458.264	0.000474925
460.267	0.000519166
462.27	0.000565531
464.274	0.000615551
466.277	0.000669139
468.28	0.00072428
470.284	0.000778942
472.287	0.0008319
474.29	0.000884011
476.294	0.00093631
478.297	0.000985418
480.301	0.00102981
482.304	0.00107393
484.307	0.00112197
486.311	0.00117701
488.314	0.00123734
490.317	0.00129698
492.321	0.00134878
494.324	0.00138875
496.327	0.00142054
498.331	0.00145052
500.334	0.00148101
502.337	0.00151007
504.341	0.00153539
506.344	0.00155779
508.347	0.0015826
510.351	0.00161416
512.354	0.00165337
514.357	0.00170208
516.361	0.00175679
518.364	0.00180206
520.367	0.00182267
522.371	0.00182337
524.374	0.00182861
526.377	0.00185666
528.381	0.00190387
530.384	0.00194487
532.387	0.00195222
534.391	0.00191903
536.394	0.00187663
538.397	0.00184844
540.401	0.00184934
542.404	0.00188443
544.407	0.0019487
546.411	0.00202825
548.414	0.00210769
550.417	0.0021787
552.421	0.00224
554.424	0.00228719
556.427	0.00231709
558.431	0.00233544
560.434	0.00235265
562.437	0.00236771
564.441	0.00238085
566.444	0.00240397
568.447	0.00244766
570.451	0.0025083
572.454	0.00257361
574.457	0.00263917
576.461	0.00272789
578.464	0.00286083
580.467	0.00300268
582.471	0.00310368
584.474	0.00318979
586.477	0.00329674
588.481	0.00339946
590.484	0.00346365
592.487	0.00351508
594.491	0.00360351
596.494	0.00373958
598.497	0.00386447
600.501	0.00392137
602.504	0.00395187
604.508	0.00400038
606.511	0.00407045
608.514	0.00417059
610.518	0.00428779
612.521	0.00440916
614.524	0.00454541
616.528	0.00469047
618.531	0.00485159
620.534	0.00504543
622.538	0.00523749
624.541	0.00543296
626.544	0.00565611
628.548	0.0058646
630.551	0.00608241
632.554	0.00633643
634.558	0.00655864
636.561	0.0067719
638.564	0.00702892
640.568	0.00727067
642.571	0.00749198
644.574	0.00775428
646.578	0.00803153
648.581	0.00826306
650.584	0.00846047
652.588	0.00869535
654.591	0.00900836
656.594	0.00931965
658.598	0.00952018
660.601	0.00966617
662.604	0.00991624
664.608	0.0102757
666.611	0.0105812
668.614	0.0107454
670.618	0.0108789
672.621	0.0111257
674.624	0.011465
676.628	0.0117514
678.631	0.0118945
680.634	0.0119303
682.638	0.0119953
684.641	0.0122403
686.644	0.0126522
688.648	0.0130027
690.651	0.0131033
692.654	0.0130285
694.658	0.0130006
696.661	0.0131489
698.664	0.013417
700.668	0.0136281
702.671	0.0136379
704.674	0.0134623
706.678	0.0132418
708.681	0.0130994
710.684	0.0130676
712.688	0.0131084
714.691	0.0131404
716.694	0.0130686
718.698	0.0128505
720.701	0.0125416
722.705	0.0122543
724.708	0.0120702
726.711	0.0119969
728.715	0.0119799
730.718	0.0119348
732.721	0.0117917
734.725	0.0115424
736.728	0.0112506
738.731	0.0110171
740.735	0.0109283
742.738	0.0110133
744.741	0.0112309
746.745	0.0115083
748.748	0.0118019
750.751	0.0121221
752.755	0.0125201
754.758	0.0130695
756.761	0.0138441
758.765	0.0148937
760.768	0.0162442
762.771	0.0179015
764.775	0.0198238
766.778	0.0219109
768.781	0.0240704
770.785	0.026271
772.788	0.0284841
774.791	0.0306251
776.795	0.0326277
778.798	0.0345317
780.801	0.0364051
782.805	0.038216
784.808	0.0398747
786.811	0.0413432
788.815	0.0425823
790.818	0.0434607
792.821	0.0439223
794.825	0.0442337
796.828	0.0448119
798.831	0.0456719
800.835	0.0462354
802.838	0.0459053
804.841	0.0447754
806.845	0.0435889
808.848	0.0429939
810.851	0.0429837
812.855	0.0430794
814.858	0.0428828
816.861	0.0423489
818.865	0.0416447
820.868	0.0409349
822.871	0.0403205
824.875	0.0398527
826.878	0.0395182
828.881	0.0392403
830.885	0.0389536
832.888	0.0386739
834.891	0.038474
836.895	0.0384022
838.898	0.0384503
840.902	0.0385882
842.905	0.0387897
844.908	0.0390137
846.912	0.0391928
848.915	0.0392731
850.918	0.039262
852.922	0.0392154
854.925	0.0391701
856.928	0.0391026
858.932	0.0389564
860.935	0.0387047
862.938	0.0383788
864.942	0.0380464
866.945	0.0377743
868.948	0.0376095
870.952	0.037576
872.955	0.0376712
874.958	0.0378597
876.962	0.0380775
878.965	0.03825
880.968	0.038312
882.972	0.0382209
884.975	0.0379628
886.978	0.0375568
888.982	0.0370517
890.985	0.0365119
892.988	0.0359937
894.992	0.0355286
896.995	0.035121
898.998	0.0347571
901.002	0.0344124
903.005	0.0340534
905.008	0.0336409
907.012	0.033143
909.015	0.0325531
911.018	0.0318994
913.022	0.0312366
915.025	0.0306253
917.028	0.0301134
919.032	0.0297297
921.035	0.0294873
923.038	0.0293881
925.042	0.0294237
927.045	0.0295749
929.048	0.0298121
931.052	0.0300992
933.055	0.0303987
935.058	0.0306752
937.062	0.0308988
939.065	0.0310468
941.068	0.031106
943.072	0.0310715
945.075	0.030944
947.078	0.0307287
949.082	0.0304385
951.085	0.0300984
953.088	0.0297459
955.092	0.0294212
957.095	0.0291509
959.098	0.028934
961.102	0.0287409
963.105	0.0285293
965.109	0.0282665
967.112	0.0279458
969.115	0.0275872
971.119	0.027224
973.122	0.0268849
975.125	0.0265846
977.129	0.0263245
979.132	0.0261006
981.135	0.0259112
983.139	0.0257567
985.142	0.0256352
987.145	0.0255366
989.149	0.0254416
991.152	0.0253255
993.155	0.0251661
995.159	0.0249499
997.162	0.0246748
999.165	0.02435
1001.17	0.0239935
1003.17	0.0236291
1005.18	0.0232842
1007.18	0.0229864
1009.18	0.0227592
1011.19	0.0226179
1013.19	0.0225654
1015.19	0.022591
1017.2	0.0226717
1019.2	0.0227771
1021.2	0.0228748
1023.21	0.0229372
1025.21	0.0229454
1027.21	0.0228913
1029.22	0.0227773
1031.22	0.0226136
1033.22	0.0224151
1035.23	0.0221978
1037.23	0.0219761
1039.23	0.0217604
1041.24	0.0215566
1043.24	0.0213649
1045.24	0.0211808
1047.25	0.0209965
1049.25	0.0208022
1051.25	0.0205889
1053.26	0.02035
1055.26	0.0200823
1057.26	0.0197862
1059.27	0.0194652
1061.27	0.0191252
1063.27	0.0187738
1065.28	0.0184196
1067.28	0.0180721
1069.28	0.0177403
1071.29	0.0174321
1073.29	0.0171525
1075.29	0.0169034
1077.3	0.0166835
1079.3	0.0164894
1081.3	0.0163176
1083.31	0.0161647
1085.31	0.0160287
1087.31	0.0159079
1089.32	0.0158001
1091.32	0.0157024
1093.32	0.0156112
1095.33	0.0155232
1097.33	0.0154365
1099.33	0.0153509
1101.34	0.0152682
1103.34	0.01519
1105.34	0.015117
1107.35	0.0150473
1109.35	0.0149776
1111.35	0.0149032
1113.36	0.0148207
1115.36	0.0147282
1117.36	0.0146263
1119.37	0.0145166
1121.37	0.0144007
1123.37	0.0142791
1125.38	0.014151
1127.38	0.0140151
1129.38	0.0138704
1131.39	0.0137181
1133.39	0.0135607
1135.39	0.013402
1137.4	0.0132453
1139.4	0.0130923
1141.4	0.0129424
1143.41	0.0127939
1145.41	0.0126446
1147.41	0.0124943
1149.42	0.0123446
1151.42	0.012199
1153.42	0.0120618
1155.43	0.0119356
1157.43	0.0118207
1159.43	0.0117147
1161.44	0.0116134
1163.44	0.0115131
1165.44	0.011412
1167.45	0.0113109
1169.45	0.0112131
1171.45	0.0111222
1173.46	0.0110402
1175.46	0.0109663
1177.46	0.0108967
1179.47	0.010826
1181.47	0.0107503
1183.47	0.0106696
1185.48	0.0105892
1187.48	0.01052
1189.48	0.0104755
1191.49	0.0104682
1193.49	0.0105052
1195.49	0.0105855
1197.5	0.0106993
1199.5	0.0108292
1201.5	0.0109545
1203.51	0.0110556
1205.51	0.011118
1207.51	0.0111355
1209.52	0.0111101
1211.52	0.0110502
1213.52	0.0109679
1215.53	0.0108746
1217.53	0.010779
1219.53	0.010685
1221.54	0.0105921
1223.54	0.0104969
1225.54	0.0103953
1227.55	0.0102844
1229.55	0.0101638
1231.55	0.010036
1233.56	0.00990539
1235.56	0.00977722
1237.56	0.00965583
1239.57	0.00954378
1241.57	0.00944133
1243.57	0.00934674
1245.58	0.00925698
1247.58	0.00916865
1249.58	0.00907883
1251.59	0.0089855
1253.59	0.00888766
1255.59	0.00878505
1257.6	0.00867775
1259.6	0.00856581
1261.6	0.00844905
1263.61	0.00832704
1265.61	0.00819934
1267.61	0.00806573
1269.62	0.00792641
1271.62	0.00778209
1273.62	0.00763382
1275.63	0.00748274
1277.63	0.00732978
1279.63	0.0071753
1281.64	0.00701897
1283.64	0.00685968
1285.64	0.00669576
1287.65	0.00652515
1289.65	0.00634575
1291.65	0.00615569
1293.66	0.00595364
1295.66	0.00573899
1297.66	0.00551207
1299.67	0.0052743
1301.67	0.00502831
1303.67	0.00477809
1305.68	0.0045289
1307.68	0.00428725
1309.68	0.00406052
1311.69	0.0038565
1313.69	0.00368275
1315.69	0.00354586
1317.7	0.00345071
1319.7	0.0033999
1321.7	0.00339344
1323.71	0.00342867
1325.71	0.00350058
1327.71	0.00360239
1329.72	0.0037263
1331.72	0.00386426
1333.72	0.00400878
1335.73	0.00415341
1337.73	0.00429314
1339.73	0.00442436
1341.74	0.00454481
1343.74	0.00465321
1345.74	0.00474897
1347.75	0.00483183
1349.75	0.0049017
1351.75	0.00495853
1353.76	0.00500236
1355.76	0.00503339
1357.76	0.00505213
1359.77	0.00505947
1361.77	0.00505671
1363.77	0.00504547
1365.78	0.00502757
1367.78	0.0050048
1369.78	0.00497876
1371.79	0.00495064
1373.79	0.00492117
1375.79	0.0048906
1377.8	0.00485877
1379.8	0.00482526
1381.8	0.00478956
1383.81	0.00475127
1385.81	0.00471017
1387.81	0.00466636
1389.82	0.00462019
1391.82	0.00457225
1393.82	0.00452322
1395.83	0.0044738
1397.83	0.00442456
1399.83	0.00437591
1401.84	0.00432806
1403.84	0.00428104
1405.84	0.00423481
1407.85	0.00418931
1409.85	0.00414457
1411.85	0.00410082
1413.86	0.00405849
1415.86	0.00401824
1417.86	0.0039809
1419.87	0.00394746
1421.87	0.00391889
1423.87	0.00389613
1425.88	0.00387993
1427.88	0.00387083
1429.88	0.00386904
1431.89	0.00387452
1433.89	0.00388689
1435.89	0.00390553
1437.9	0.00392958
1439.9	0.00395803
1441.9	0.00398978
1443.91	0.00402367
1445.91	0.00405854
1447.91	0.00409331
1449.92	0.00412696
1451.92	0.00415858
1453.92	0.00418739
1455.93	0.00421272
1457.93	0.00423403
1459.93	0.00425089
1461.94	0.00426297
1463.94	0.00427002
1465.94	0.00427188
1467.95	0.00426848
1469.95	0.00425981
1471.95	0.00424599
1473.96	0.00422721
1475.96	0.00420381
1477.96	0.00417627
1479.97	0.00414521
1481.97	0.0041114
1483.97	0.00407571
1485.98	0.0040391
1487.98	0.00400258
1489.98	0.00396711
1491.99	0.00393354
1493.99	0.0039026
1495.99	0.00387477
1498	0.00385032
1500	0.00382926
